image_width: 1280
image_height: 720
camera_name: camera
camera_matrix:
  rows: 3
  cols: 3
  data: [1138.391607125491, 0, 640.679269050121, 0, 1136.501307645638, 340.7245136541271, 0, 0, 1]
distortion_model: plumb_bob
distortion_coefficients:
  rows: 1
  cols: 5
  data: [0.1668730488940398, -0.3871158678859281, -0.002445803526157266, 0.0003020365869520727, 0]
rectification_matrix:
  rows: 3
  cols: 3
  data: [1, 0, 0, 0, 1, 0, 0, 0, 1]
projection_matrix:
  rows: 3
  cols: 4
  data: [1155.216186523438, 0, 641.0436353826153, 0, 0, 1156.72021484375, 339.6043597870012, 0, 0, 0, 1, 0]
